#y z r Fr
-4.0000000000000002e-01 2.5673907444456746e-17 4.0000000000000002e-01 -6.8214600000000000e-02
-3.9466666666666672e-01 2.5673907444456746e-17 3.9466666666666672e-01 -6.2998967321393609e-02
-3.8933333333333336e-01 2.5673907444456746e-17 3.8933333333333336e-01 -5.7706565015998426e-02
-3.8400000000000001e-01 2.5673907444456746e-17 3.8400000000000001e-01 -5.2472229763552924e-02
-3.7866666666666671e-01 2.5673907444456746e-17 3.7866666666666671e-01 -4.7390996127745451e-02
-3.7333333333333335e-01 2.5673907444456746e-17 3.7333333333333335e-01 -4.2526513386100098e-02
-3.6800000000000005e-01 2.5673907444456746e-17 3.6800000000000005e-01 -3.7918061080655534e-02
-3.6266666666666669e-01 2.5673907444456746e-17 3.6266666666666669e-01 -3.3586350429786180e-02
-3.5733333333333334e-01 2.5673907444456746e-17 3.5733333333333334e-01 -2.9538278732295472e-02
-3.5200000000000004e-01 2.5673907444456746e-17 3.5200000000000004e-01 -2.5770785571741554e-02
-3.4666666666666668e-01 2.5673907444456746e-17 3.4666666666666668e-01 -2.2273942883377727e-02
-3.4133333333333332e-01 2.5673907444456746e-17 3.4133333333333338e-01 -1.9033395674660926e-02
-3.3600000000000002e-01 2.5673907444456746e-17 3.3600000000000002e-01 -1.6032256294447864e-02
-3.3066666666666666e-01 2.5673907444456746e-17 3.3066666666666666e-01 -1.3252542531930622e-02
-3.2533333333333336e-01 2.5673907444456746e-17 3.2533333333333336e-01 -1.0676238404820772e-02
-3.2000000000000001e-01 2.5673907444456746e-17 3.2000000000000001e-01 -8.2860461824687259e-03
-3.1466666666666665e-01 2.5673907444456746e-17 3.1466666666666671e-01 -6.0658889030066974e-03
-3.0933333333333335e-01 2.5673907444456746e-17 3.0933333333333335e-01 -4.0012143078825089e-03
-3.0400000000000005e-01 2.5673907444456746e-17 3.0399999999999999e-01 -2.0791436599941777e-03
-2.9866666666666669e-01 2.5673907444456746e-17 2.9866666666666669e-01 -2.8850226460885734e-04
-2.9333333333333333e-01 2.5673907444456746e-17 2.9333333333333333e-01 1.3802373893186000e-03
-2.8799999999999998e-01 2.5673907444456746e-17 2.8800000000000003e-01 2.9350741669709273e-03
-2.8266666666666668e-01 2.5673907444456746e-17 2.8266666666666668e-01 4.3826373944852916e-03
-2.7733333333333338e-01 2.5673907444456746e-17 2.7733333333333332e-01 5.7283694422387748e-03
-2.7199999999999996e-01 2.5673907444456746e-17 2.7200000000000002e-01 6.9767181879729339e-03
-2.6666666666666666e-01 2.5673907444456746e-17 2.6666666666666666e-01 8.1313287850954871e-03
-2.6133333333333336e-01 2.5673907444456746e-17 2.6133333333333336e-01 9.1952267543475366e-03
-2.5600000000000001e-01 2.5673907444456746e-17 2.5600000000000001e-01 1.0170986622677026e-02
-2.5066666666666665e-01 2.5673907444456746e-17 2.5066666666666665e-01 1.1060882190764279e-02
-2.4533333333333332e-01 2.5673907444456746e-17 2.4533333333333335e-01 1.1867016056690199e-02
-2.3999999999999999e-01 2.5673907444456746e-17 2.3999999999999999e-01 1.2591427291668851e-02
-2.3466666666666669e-01 2.5673907444456746e-17 2.3466666666666666e-01 1.3236177186083732e-02
-2.2933333333333331e-01 2.5673907444456746e-17 2.2933333333333333e-01 1.3803413789446427e-02
-2.2399999999999998e-01 2.5673907444456746e-17 2.2400000000000000e-01 1.4295416583279669e-02
-2.1866666666666668e-01 2.5673907444456746e-17 2.1866666666666668e-01 1.4714623076135093e-02
-2.1333333333333335e-01 2.5673907444456746e-17 2.1333333333333335e-01 1.5063639417781589e-02
-2.0800000000000002e-01 2.5673907444456746e-17 2.0799999999999999e-01 1.5345237315912318e-02
-2.0266666666666666e-01 2.5673907444456746e-17 2.0266666666666666e-01 1.5562339622550872e-02
-1.9733333333333333e-01 2.5673907444456746e-17 1.9733333333333333e-01 1.5717996955988328e-02
-1.9200000000000000e-01 2.5673907444456746e-17 1.9200000000000000e-01 1.5815357653205561e-02
-1.8666666666666665e-01 2.5673907444456746e-17 1.8666666666666665e-01 1.5857633221420933e-02
-1.8133333333333335e-01 2.5673907444456746e-17 1.8133333333333332e-01 1.5848061288280441e-02
-1.7599999999999999e-01 2.5673907444456746e-17 1.7599999999999999e-01 1.5789867849510347e-02
-1.7066666666666666e-01 2.5673907444456746e-17 1.7066666666666666e-01 1.5686230390522162e-02
-1.6533333333333333e-01 2.5673907444456746e-17 1.6533333333333333e-01 1.5540243223208178e-02
-1.6000000000000000e-01 2.5673907444456746e-17 1.6000000000000000e-01 1.5354886138565298e-02
-1.5466666666666665e-01 2.5673907444456746e-17 1.5466666666666665e-01 1.5132997236339431e-02
-1.4933333333333332e-01 2.5673907444456746e-17 1.4933333333333332e-01 1.4877250560102039e-02
-1.4399999999999999e-01 2.5673907444456746e-17 1.4399999999999999e-01 1.4590138944643881e-02
-1.3866666666666666e-01 2.5673907444456746e-17 1.3866666666666666e-01 1.4273962276035763e-02
-1.3333333333333333e-01 2.5673907444456746e-17 1.3333333333333333e-01 1.3930821176113954e-02
-1.2799999999999997e-01 2.5673907444456746e-17 1.2799999999999997e-01 1.3562615954733463e-02
-1.2266666666666666e-01 2.5673907444456746e-17 1.2266666666666666e-01 1.3171050526471830e-02
-1.1733333333333332e-01 2.5673907444456746e-17 1.1733333333333332e-01 1.2757640864542905e-02
-1.1199999999999999e-01 2.5673907444456746e-17 1.1199999999999999e-01 1.2323727463939765e-02
-1.0666666666666665e-01 2.5673907444456746e-17 1.0666666666666666e-01 1.1870491208234911e-02
-1.0133333333333333e-01 2.5673907444456746e-17 1.0133333333333332e-01 1.1398971979565947e-02
-9.5999999999999988e-02 2.5673907444456746e-17 9.5999999999999988e-02 1.0910089318292859e-02
-9.0666666666666659e-02 2.5673907444456746e-17 9.0666666666666645e-02 1.0404664426475889e-02
-8.5333333333333317e-02 2.5673907444456746e-17 8.5333333333333317e-02 9.8834428162587456e-03
-7.9999999999999988e-02 2.5673907444456746e-17 7.9999999999999988e-02 9.3471169287927605e-03
-7.4666666666666645e-02 2.5673907444456746e-17 7.4666666666666645e-02 8.7963480896576969e-03
-6.9333333333333316e-02 2.5673907444456746e-17 6.9333333333333316e-02 8.2317872208345685e-03
-6.3999999999999987e-02 2.5673907444456746e-17 6.3999999999999987e-02 7.6540937950705570e-03
-5.8666666666666645e-02 2.5673907444456746e-17 5.8666666666666645e-02 7.0639525937816611e-03
-5.3333333333333316e-02 2.5673907444456746e-17 5.3333333333333316e-02 6.4620879122695698e-03
-4.7999999999999980e-02 2.5673907444456746e-17 4.7999999999999980e-02 5.8492749437864871e-03
-4.2666666666666644e-02 2.5673907444456746e-17 4.2666666666666644e-02 5.2263481646986059e-03
-3.7333333333333309e-02 2.5673907444456746e-17 3.7333333333333309e-02 4.5942066345640610e-03
-3.1999999999999980e-02 2.5673907444456746e-17 3.1999999999999980e-02 3.9538162153303601e-03
-2.6666666666666644e-02 2.5673907444456746e-17 2.6666666666666644e-02 3.3062088011494911e-03
-2.1333333333333312e-02 2.5673907444456746e-17 2.1333333333333312e-02 2.6524787327198442e-03
-1.5999999999999976e-02 2.5673907444456746e-17 1.5999999999999976e-02 1.9937766459523034e-03
-1.0666666666666642e-02 2.5673907444456746e-17 1.0666666666666642e-02 1.3313010726522913e-03
-5.3333333333333080e-03 2.5673907444456746e-17 5.3333333333333080e-03 6.6628816951977833e-04
2.5673907444456746e-17 2.5673907444456746e-17 3.6308388107062301e-17 0.0000000000000000e+00
5.3333333333333600e-03 2.5673907444456746e-17 5.3333333333333600e-03 6.6628816951978549e-04
1.0666666666666694e-02 2.5673907444456746e-17 1.0666666666666694e-02 1.3313010726522976e-03
1.6000000000000025e-02 2.5673907444456746e-17 1.6000000000000028e-02 1.9937766459523099e-03
2.1333333333333360e-02 2.5673907444456746e-17 2.1333333333333360e-02 2.6524787327198520e-03
2.6666666666666696e-02 2.5673907444456746e-17 2.6666666666666696e-02 3.3062088011494989e-03
3.2000000000000028e-02 2.5673907444456746e-17 3.2000000000000028e-02 3.9538162153303722e-03
3.7333333333333364e-02 2.5673907444456746e-17 3.7333333333333364e-02 4.5942066345640775e-03
4.2666666666666700e-02 2.5673907444456746e-17 4.2666666666666700e-02 5.2263481646986198e-03
4.8000000000000036e-02 2.5673907444456746e-17 4.8000000000000036e-02 5.8492749437865019e-03
5.3333333333333371e-02 2.5673907444456746e-17 5.3333333333333365e-02 6.4620879122695802e-03
5.8666666666666700e-02 2.5673907444456746e-17 5.8666666666666700e-02 7.0639525937816776e-03
6.4000000000000043e-02 2.5673907444456746e-17 6.4000000000000029e-02 7.6540937950705682e-03
6.9333333333333358e-02 2.5673907444456746e-17 6.9333333333333372e-02 8.2317872208345841e-03
7.4666666666666701e-02 2.5673907444456746e-17 7.4666666666666701e-02 8.7963480896577160e-03
8.0000000000000029e-02 2.5673907444456746e-17 8.0000000000000029e-02 9.3471169287927848e-03
8.5333333333333372e-02 2.5673907444456746e-17 8.5333333333333372e-02 9.8834428162587629e-03
9.0666666666666701e-02 2.5673907444456746e-17 9.0666666666666701e-02 1.0404664426475899e-02
9.6000000000000030e-02 2.5673907444456746e-17 9.6000000000000044e-02 1.0910089318292873e-02
1.0133333333333337e-01 2.5673907444456746e-17 1.0133333333333337e-01 1.1398971979565957e-02
1.0666666666666672e-01 2.5673907444456746e-17 1.0666666666666670e-01 1.1870491208234923e-02
1.1200000000000004e-01 2.5673907444456746e-17 1.1200000000000003e-01 1.2323727463939777e-02
1.1733333333333336e-01 2.5673907444456746e-17 1.1733333333333337e-01 1.2757640864542919e-02
1.2266666666666670e-01 2.5673907444456746e-17 1.2266666666666670e-01 1.3171050526471842e-02
1.2800000000000003e-01 2.5673907444456746e-17 1.2800000000000003e-01 1.3562615954733475e-02
1.3333333333333339e-01 2.5673907444456746e-17 1.3333333333333336e-01 1.3930821176113960e-02
1.3866666666666669e-01 2.5673907444456746e-17 1.3866666666666672e-01 1.4273962276035772e-02
1.4400000000000004e-01 2.5673907444456746e-17 1.4400000000000004e-01 1.4590138944643883e-02
1.4933333333333337e-01 2.5673907444456746e-17 1.4933333333333337e-01 1.4877250560102038e-02
1.5466666666666673e-01 2.5673907444456746e-17 1.5466666666666670e-01 1.5132997236339424e-02
1.6000000000000003e-01 2.5673907444456746e-17 1.6000000000000006e-01 1.5354886138565293e-02
1.6533333333333339e-01 2.5673907444456746e-17 1.6533333333333339e-01 1.5540243223208162e-02
1.7066666666666672e-01 2.5673907444456746e-17 1.7066666666666672e-01 1.5686230390522155e-02
1.7600000000000005e-01 2.5673907444456746e-17 1.7600000000000005e-01 1.5789867849510340e-02
1.8133333333333337e-01 2.5673907444456746e-17 1.8133333333333337e-01 1.5848061288280434e-02
1.8666666666666673e-01 2.5673907444456746e-17 1.8666666666666670e-01 1.5857633221420930e-02
1.9200000000000006e-01 2.5673907444456746e-17 1.9200000000000006e-01 1.5815357653205547e-02
1.9733333333333336e-01 2.5673907444456746e-17 1.9733333333333339e-01 1.5717996955988321e-02
2.0266666666666669e-01 2.5673907444456746e-17 2.0266666666666672e-01 1.5562339622550861e-02
2.0800000000000007e-01 2.5673907444456746e-17 2.0800000000000005e-01 1.5345237315912315e-02
2.1333333333333337e-01 2.5673907444456746e-17 2.1333333333333337e-01 1.5063639417781573e-02
2.1866666666666670e-01 2.5673907444456746e-17 2.1866666666666673e-01 1.4714623076135087e-02
2.2400000000000003e-01 2.5673907444456746e-17 2.2400000000000006e-01 1.4295416583279661e-02
2.2933333333333339e-01 2.5673907444456746e-17 2.2933333333333339e-01 1.3803413789446417e-02
2.3466666666666672e-01 2.5673907444456746e-17 2.3466666666666672e-01 1.3236177186083737e-02
2.4000000000000005e-01 2.5673907444456746e-17 2.4000000000000005e-01 1.2591427291668853e-02
2.4533333333333338e-01 2.5673907444456746e-17 2.4533333333333338e-01 1.1867016056690202e-02
2.5066666666666676e-01 2.5673907444456746e-17 2.5066666666666670e-01 1.1060882190764275e-02
2.5600000000000006e-01 2.5673907444456746e-17 2.5600000000000006e-01 1.0170986622677033e-02
2.6133333333333336e-01 2.5673907444456746e-17 2.6133333333333336e-01 9.1952267543475366e-03
2.6666666666666672e-01 2.5673907444456746e-17 2.6666666666666672e-01 8.1313287850954871e-03
2.7200000000000008e-01 2.5673907444456746e-17 2.7200000000000008e-01 6.9767181879729183e-03
2.7733333333333338e-01 2.5673907444456746e-17 2.7733333333333343e-01 5.7283694422387678e-03
2.8266666666666673e-01 2.5673907444456746e-17 2.8266666666666673e-01 4.3826373944852821e-03
2.8800000000000003e-01 2.5673907444456746e-17 2.8800000000000003e-01 2.9350741669709095e-03
2.9333333333333339e-01 2.5673907444456746e-17 2.9333333333333339e-01 1.3802373893185811e-03
2.9866666666666675e-01 2.5673907444456746e-17 2.9866666666666675e-01 -2.8850226460889149e-04
3.0400000000000005e-01 2.5673907444456746e-17 3.0400000000000005e-01 -2.0791436599942219e-03
3.0933333333333340e-01 2.5673907444456746e-17 3.0933333333333340e-01 -4.0012143078825557e-03
3.1466666666666671e-01 2.5673907444456746e-17 3.1466666666666671e-01 -6.0658889030067555e-03
3.2000000000000006e-01 2.5673907444456746e-17 3.2000000000000006e-01 -8.2860461824687988e-03
3.2533333333333342e-01 2.5673907444456746e-17 3.2533333333333342e-01 -1.0676238404820843e-02
3.3066666666666672e-01 2.5673907444456746e-17 3.3066666666666672e-01 -1.3252542531930697e-02
3.3600000000000008e-01 2.5673907444456746e-17 3.3600000000000008e-01 -1.6032256294447923e-02
3.4133333333333343e-01 2.5673907444456746e-17 3.4133333333333338e-01 -1.9033395674661020e-02
3.4666666666666673e-01 2.5673907444456746e-17 3.4666666666666673e-01 -2.2273942883377775e-02
3.5200000000000009e-01 2.5673907444456746e-17 3.5200000000000004e-01 -2.5770785571741592e-02
3.5733333333333339e-01 2.5673907444456746e-17 3.5733333333333339e-01 -2.9538278732295534e-02
3.6266666666666675e-01 2.5673907444456746e-17 3.6266666666666675e-01 -3.3586350429786270e-02
3.6800000000000010e-01 2.5673907444456746e-17 3.6800000000000005e-01 -3.7918061080655568e-02
3.7333333333333341e-01 2.5673907444456746e-17 3.7333333333333341e-01 -4.2526513386100119e-02
3.7866666666666671e-01 2.5673907444456746e-17 3.7866666666666671e-01 -4.7390996127745458e-02
3.8400000000000006e-01 2.5673907444456746e-17 3.8400000000000006e-01 -5.2472229763552938e-02
3.8933333333333342e-01 2.5673907444456746e-17 3.8933333333333336e-01 -5.7706565015998419e-02
3.9466666666666672e-01 2.5673907444456746e-17 3.9466666666666672e-01 -6.2998967321393623e-02
4.0000000000000013e-01 2.5673907444456746e-17 4.0000000000000008e-01 -6.8214600000000111e-02
